image: /home/jetson/maps/home1.pgm
resolution: 0.050000
origin: [-6.786322, -6.178695, 0.000000]
negate: 0
occupied_thresh: 0.65
free_thresh: 0.196

